# number of time steps : 1.000 
# nmax = 20, lmax = 05 
# orginal matrix shape [1.0,20, 5, 5 ] 
# Snlm, Tnlm 
# r_s = 40.82 
# ICs from /rsgrps/brant/jngaravitoc/MWLMC_sims/100M/MWLMC6/ 
157.534 0.000 
0.000 0.000 
0.000 0.000 
0.000 0.000 
0.000 0.000 
0.000 0.000 
0.540 0.000 
0.192 1.000 
0.000 0.000 
0.000 0.000 
0.000 0.000 
0.000 0.000 
-0.805 0.000 
-0.086 -0.712 
-1.107 0.169 
0.000 0.000 
0.000 0.000 
0.000 0.000 
-0.544 0.000 
-0.008 0.338 
-0.751 -0.115 
0.314 1.030 
0.000 0.000 
0.000 0.000 
-1.466 0.000 
0.139 0.018 
0.000 0.207 
0.130 0.321 
-0.016 -0.128 
0.000 0.000 
0.521 0.000 
0.160 0.194 
0.043 -0.184 
0.876 0.769 
1.876 0.029 
0.091 -0.801 
-0.084 0.000 
0.000 0.000 
0.000 0.000 
0.000 0.000 
0.000 0.000 
0.000 0.000 
0.152 0.000 
0.066 0.294 
0.000 0.000 
0.000 0.000 
0.000 0.000 
0.000 0.000 
-0.038 0.000 
-0.038 -0.299 
-0.366 0.051 
0.000 0.000 
0.000 0.000 
0.000 0.000 
-0.143 0.000 
-0.030 0.123 
-0.319 0.039 
0.080 0.391 
0.000 0.000 
0.000 0.000 
-0.048 0.000 
-0.037 0.287 
0.099 -0.132 
0.104 0.345 
0.362 -0.039 
0.000 0.000 
0.145 0.000 
0.197 0.311 
0.427 -0.005 
0.039 0.075 
0.102 -0.130 
-0.021 -0.406 
0.000 0.000 
0.000 0.000 
0.000 0.000 
0.000 0.000 
0.000 0.000 
0.000 0.000 
0.021 0.000 
0.042 0.097 
0.000 0.000 
0.000 0.000 
0.000 0.000 
0.000 0.000 
-0.063 0.000 
-0.007 -0.110 
-0.131 0.018 
0.000 0.000 
0.000 0.000 
0.000 0.000 
-0.061 0.000 
-0.003 0.035 
-0.134 0.018 
0.024 0.118 
0.000 0.000 
0.000 0.000 
-0.074 0.000 
0.041 0.135 
-0.027 0.013 
0.025 0.172 
0.138 -0.045 
0.000 0.000 
0.070 0.000 
0.021 0.100 
0.166 0.014 
0.062 0.053 
0.243 -0.053 
-0.111 -0.167 
0.030 0.000 
0.000 0.000 
0.000 0.000 
0.000 0.000 
0.000 0.000 
0.000 0.000 
0.006 0.000 
0.015 0.034 
0.000 0.000 
0.000 0.000 
0.000 0.000 
0.000 0.000 
-0.006 0.000 
-0.003 -0.035 
-0.043 0.004 
0.000 0.000 
0.000 0.000 
0.000 0.000 
-0.025 0.000 
0.002 0.011 
-0.051 0.003 
0.009 0.056 
0.000 0.000 
0.000 0.000 
-0.039 0.000 
0.005 0.070 
0.011 0.010 
0.014 0.072 
0.076 -0.010 
0.000 0.000 
0.047 0.000 
-0.002 0.040 
0.058 -0.024 
0.005 0.014 
0.103 -0.005 
-0.015 -0.085 
0.009 0.000 
0.000 0.000 
0.000 0.000 
0.000 0.000 
0.000 0.000 
0.000 0.000 
0.002 0.000 
0.008 0.011 
0.000 0.000 
0.000 0.000 
0.000 0.000 
0.000 0.000 
-0.004 0.000 
0.000 -0.008 
-0.010 0.002 
0.000 0.000 
0.000 0.000 
0.000 0.000 
-0.011 0.000 
0.001 0.004 
-0.021 0.003 
0.003 0.019 
0.000 0.000 
0.000 0.000 
-0.008 0.000 
0.001 0.031 
-0.001 -0.005 
0.004 0.037 
0.027 -0.009 
0.000 0.000 
0.018 0.000 
-0.002 0.024 
0.039 -0.004 
-0.005 0.010 
0.050 -0.008 
-0.012 -0.041 
0.012 0.000 
0.000 0.000 
0.000 0.000 
0.000 0.000 
0.000 0.000 
0.000 0.000 
0.000 0.000 
0.001 0.005 
0.000 0.000 
0.000 0.000 
0.000 0.000 
0.000 0.000 
0.000 0.000 
0.000 -0.000 
-0.000 0.000 
0.000 0.000 
0.000 0.000 
0.000 0.000 
-0.003 0.000 
-0.000 0.001 
-0.007 0.000 
0.000 0.007 
0.000 0.000 
0.000 0.000 
-0.003 0.000 
0.000 0.014 
-0.001 0.001 
0.003 0.014 
0.013 -0.003 
0.000 0.000 
0.008 0.000 
0.000 0.008 
0.019 -0.000 
0.003 0.006 
0.024 -0.007 
-0.005 -0.020 
0.003 0.000 
0.000 0.000 
0.000 0.000 
0.000 0.000 
0.000 0.000 
0.000 0.000 
-0.001 0.000 
0.000 0.001 
0.000 0.000 
0.000 0.000 
0.000 0.000 
0.000 0.000 
0.000 0.000 
0.000 0.001 
0.001 -0.000 
0.000 0.000 
0.000 0.000 
0.000 0.000 
-0.001 0.000 
0.000 0.000 
-0.002 0.000 
0.000 0.001 
0.000 0.000 
0.000 0.000 
-0.000 0.000 
0.000 0.005 
-0.000 0.000 
0.001 0.005 
0.004 -0.001 
0.000 0.000 
0.004 0.000 
0.001 0.004 
0.008 -0.002 
0.000 0.002 
0.011 -0.002 
-0.002 -0.009 
0.003 0.000 
0.000 0.000 
0.000 0.000 
0.000 0.000 
0.000 0.000 
0.000 0.000 
-0.001 0.000 
-0.001 0.000 
0.000 0.000 
0.000 0.000 
0.000 0.000 
0.000 0.000 
0.001 0.000 
0.000 0.001 
0.001 -0.000 
0.000 0.000 
0.000 0.000 
0.000 0.000 
-0.000 0.000 
-0.000 -0.000 
0.000 -0.000 
-0.000 -0.000 
0.000 0.000 
0.000 0.000 
0.000 0.000 
-0.000 0.001 
-0.000 0.000 
0.000 0.002 
0.002 -0.000 
0.000 0.000 
0.001 0.000 
-0.000 0.002 
0.003 -0.000 
0.000 0.001 
0.004 -0.001 
-0.001 -0.003 
-0.002 0.000 
0.000 0.000 
0.000 0.000 
0.000 0.000 
0.000 0.000 
0.000 0.000 
-0.000 0.000 
-0.000 -0.000 
0.000 0.000 
0.000 0.000 
0.000 0.000 
0.000 0.000 
0.000 0.000 
0.000 0.001 
0.001 -0.000 
0.000 0.000 
0.000 0.000 
0.000 0.000 
0.000 0.000 
0.000 -0.000 
0.001 -0.000 
-0.000 -0.001 
0.000 0.000 
0.000 0.000 
0.000 0.000 
0.000 0.000 
0.000 -0.000 
0.000 0.000 
0.000 0.000 
0.000 0.000 
0.000 0.000 
0.000 0.001 
0.001 -0.000 
0.000 0.000 
0.001 -0.000 
-0.000 -0.001 
-0.002 0.000 
0.000 0.000 
0.000 0.000 
0.000 0.000 
0.000 0.000 
0.000 0.000 
0.000 0.000 
-0.000 -0.000 
0.000 0.000 
0.000 0.000 
0.000 0.000 
0.000 0.000 
0.000 0.000 
0.000 0.000 
0.000 -0.000 
0.000 0.000 
0.000 0.000 
0.000 0.000 
0.000 0.000 
-0.000 -0.000 
0.000 -0.000 
-0.000 -0.000 
0.000 0.000 
0.000 0.000 
0.000 0.000 
-0.000 -0.000 
-0.000 -0.000 
-0.000 -0.000 
-0.000 0.000 
0.000 0.000 
0.000 0.000 
-0.000 0.000 
0.000 0.000 
-0.000 0.000 
0.000 -0.000 
-0.000 -0.000 
-0.004 0.000 
0.000 0.000 
0.000 0.000 
0.000 0.000 
0.000 0.000 
0.000 0.000 
0.000 0.000 
0.000 -0.000 
0.000 0.000 
0.000 0.000 
0.000 0.000 
0.000 0.000 
-0.000 0.000 
-0.000 -0.000 
-0.000 0.000 
0.000 0.000 
0.000 0.000 
0.000 0.000 
0.000 0.000 
-0.000 -0.000 
0.000 -0.000 
-0.000 -0.000 
0.000 0.000 
0.000 0.000 
0.000 0.000 
0.000 -0.000 
0.000 0.000 
-0.000 -0.000 
-0.000 0.000 
0.000 0.000 
-0.000 0.000 
0.000 -0.000 
-0.000 -0.000 
0.000 -0.000 
-0.000 0.000 
0.000 0.000 
-0.001 0.000 
0.000 0.000 
0.000 0.000 
0.000 0.000 
0.000 0.000 
0.000 0.000 
0.000 0.000 
-0.000 -0.000 
0.000 0.000 
0.000 0.000 
0.000 0.000 
0.000 0.000 
-0.000 0.000 
0.000 -0.000 
-0.000 0.000 
0.000 0.000 
0.000 0.000 
0.000 0.000 
0.000 0.000 
0.000 -0.000 
0.000 -0.000 
-0.000 -0.000 
0.000 0.000 
0.000 0.000 
0.000 0.000 
-0.000 -0.000 
0.000 0.000 
-0.000 -0.000 
-0.000 0.000 
0.000 0.000 
-0.000 0.000 
0.000 -0.000 
-0.000 -0.000 
0.000 -0.000 
-0.000 0.000 
0.000 0.000 
-0.001 0.000 
0.000 0.000 
0.000 0.000 
0.000 0.000 
0.000 0.000 
0.000 0.000 
0.000 0.000 
0.000 -0.000 
0.000 0.000 
0.000 0.000 
0.000 0.000 
0.000 0.000 
-0.000 0.000 
-0.000 -0.000 
-0.000 0.000 
0.000 0.000 
0.000 0.000 
0.000 0.000 
-0.000 0.000 
0.000 0.000 
-0.000 0.000 
0.000 0.000 
0.000 0.000 
0.000 0.000 
-0.000 0.000 
-0.000 -0.000 
0.000 0.000 
-0.000 -0.000 
-0.000 -0.000 
0.000 0.000 
-0.000 0.000 
0.000 -0.000 
-0.000 -0.000 
-0.000 -0.000 
-0.000 0.000 
0.000 0.000 
0.002 0.000 
0.000 0.000 
0.000 0.000 
0.000 0.000 
0.000 0.000 
0.000 0.000 
-0.000 0.000 
-0.000 -0.000 
0.000 0.000 
0.000 0.000 
0.000 0.000 
0.000 0.000 
-0.000 0.000 
0.000 -0.000 
-0.000 0.000 
0.000 0.000 
0.000 0.000 
0.000 0.000 
-0.000 0.000 
0.000 0.000 
-0.000 0.000 
0.000 0.000 
0.000 0.000 
0.000 0.000 
0.000 0.000 
-0.000 -0.000 
0.000 0.000 
-0.000 -0.000 
0.000 0.000 
0.000 0.000 
-0.000 0.000 
-0.000 -0.000 
-0.000 0.000 
-0.000 -0.000 
-0.000 0.000 
0.000 0.000 
0.002 0.000 
0.000 0.000 
0.000 0.000 
0.000 0.000 
0.000 0.000 
0.000 0.000 
-0.000 0.000 
-0.000 0.000 
0.000 0.000 
0.000 0.000 
0.000 0.000 
0.000 0.000 
-0.000 0.000 
0.000 -0.000 
-0.000 0.000 
0.000 0.000 
0.000 0.000 
0.000 0.000 
-0.000 0.000 
0.000 0.000 
-0.000 0.000 
0.000 0.000 
0.000 0.000 
0.000 0.000 
-0.000 0.000 
0.000 0.000 
-0.000 0.000 
0.000 0.000 
0.000 -0.000 
0.000 0.000 
-0.000 0.000 
-0.000 -0.000 
-0.000 -0.000 
0.000 -0.000 
-0.000 -0.000 
0.000 0.000 
0.002 0.000 
0.000 0.000 
0.000 0.000 
0.000 0.000 
0.000 0.000 
0.000 0.000 
-0.000 0.000 
-0.000 0.000 
0.000 0.000 
0.000 0.000 
0.000 0.000 
0.000 0.000 
0.000 0.000 
-0.000 0.000 
0.000 -0.000 
0.000 0.000 
0.000 0.000 
0.000 0.000 
-0.000 0.000 
-0.000 0.000 
-0.000 0.000 
0.000 0.000 
0.000 0.000 
0.000 0.000 
0.000 0.000 
-0.000 0.000 
0.000 -0.000 
0.000 0.000 
0.000 -0.000 
0.000 0.000 
-0.000 0.000 
0.000 -0.000 
0.000 -0.000 
0.000 -0.000 
0.000 0.000 
-0.000 -0.000 
-0.000 0.000 
0.000 0.000 
0.000 0.000 
0.000 0.000 
0.000 0.000 
0.000 0.000 
-0.000 0.000 
0.000 0.000 
0.000 0.000 
0.000 0.000 
0.000 0.000 
0.000 0.000 
-0.000 0.000 
0.000 0.000 
0.000 0.000 
0.000 0.000 
0.000 0.000 
0.000 0.000 
-0.000 0.000 
-0.000 0.000 
-0.000 0.000 
0.000 0.000 
0.000 0.000 
0.000 0.000 
0.000 0.000 
-0.000 0.000 
0.000 0.000 
-0.000 0.000 
0.000 -0.000 
0.000 0.000 
0.000 0.000 
0.000 0.000 
0.000 -0.000 
-0.000 0.000 
0.000 -0.000 
-0.000 -0.000 
-0.000 0.000 
0.000 0.000 
0.000 0.000 
0.000 0.000 
0.000 0.000 
0.000 0.000 
0.000 0.000 
0.000 0.000 
0.000 0.000 
0.000 0.000 
0.000 0.000 
0.000 0.000 
0.000 0.000 
-0.000 0.000 
0.000 -0.000 
0.000 0.000 
0.000 0.000 
0.000 0.000 
0.000 0.000 
0.000 -0.000 
0.000 -0.000 
-0.000 -0.000 
0.000 0.000 
0.000 0.000 
-0.000 0.000 
0.000 0.000 
-0.000 0.000 
0.000 0.000 
0.000 -0.000 
0.000 0.000 
0.000 0.000 
0.000 0.000 
0.000 -0.000 
-0.000 0.000 
0.000 -0.000 
-0.000 -0.000 
-0.001 0.000 
0.000 0.000 
0.000 0.000 
0.000 0.000 
0.000 0.000 
0.000 0.000 
0.000 0.000 
0.000 -0.000 
0.000 0.000 
0.000 0.000 
0.000 0.000 
0.000 0.000 
0.000 0.000 
0.000 0.000 
0.000 0.000 
0.000 0.000 
0.000 0.000 
0.000 0.000 
0.000 0.000 
-0.000 -0.000 
0.000 -0.000 
-0.000 -0.000 
0.000 0.000 
0.000 0.000 
-0.000 0.000 
-0.000 0.000 
-0.000 0.000 
-0.000 0.000 
-0.000 -0.000 
0.000 0.000 
0.000 0.000 
-0.000 0.000 
0.000 -0.000 
0.000 0.000 
0.000 -0.000 
0.000 -0.000 
-0.001 0.000 
0.000 0.000 
0.000 0.000 
0.000 0.000 
0.000 0.000 
0.000 0.000 
0.000 0.000 
0.000 -0.000 
0.000 0.000 
0.000 0.000 
0.000 0.000 
0.000 0.000 
0.000 0.000 
0.000 0.000 
0.000 -0.000 
0.000 0.000 
0.000 0.000 
0.000 0.000 
0.000 0.000 
0.000 -0.000 
0.000 -0.000 
-0.000 -0.000 
0.000 0.000 
0.000 0.000 
-0.000 0.000 
0.000 -0.000 
-0.000 -0.000 
0.000 -0.000 
-0.000 0.000 
0.000 0.000 
-0.000 0.000 
0.000 0.000 
0.000 0.000 
0.000 0.000 
0.000 -0.000 
-0.000 -0.000 
-0.000 0.000 
0.000 0.000 
0.000 0.000 
0.000 0.000 
0.000 0.000 
0.000 0.000 
0.000 0.000 
-0.000 -0.000 
0.000 0.000 
0.000 0.000 
0.000 0.000 
0.000 0.000 
-0.000 0.000 
-0.000 -0.000 
-0.000 0.000 
0.000 0.000 
0.000 0.000 
0.000 0.000 
0.000 0.000 
0.000 -0.000 
0.000 0.000 
0.000 -0.000 
0.000 0.000 
0.000 0.000 
0.000 0.000 
0.000 -0.000 
0.000 0.000 
-0.000 -0.000 
-0.000 0.000 
0.000 0.000 
-0.000 0.000 
0.000 -0.000 
-0.000 -0.000 
0.000 -0.000 
-0.000 -0.000 
0.000 0.000 
