# number of time steps : 1.000 
# nmax = 20, lmax = 05 
# orginal matrix shape [1.0,20, 5, 5 ] 
# Snlm, Tnlm 
# r_s = 40.82 
# ICs from /rsgrps/brant/jngaravitoc/MWLMC_sims/100M/MWLMC6/ 
157.504 0.000 
0.000 0.000 
0.000 0.000 
0.000 0.000 
0.000 0.000 
0.000 0.000 
0.626 0.000 
0.094 1.159 
0.000 0.000 
0.000 0.000 
0.000 0.000 
0.000 0.000 
-0.645 0.000 
-0.012 -0.631 
-0.677 0.157 
0.000 0.000 
0.000 0.000 
0.000 0.000 
-0.262 0.000 
-0.004 0.191 
-0.467 0.130 
0.129 0.686 
0.000 0.000 
0.000 0.000 
-1.612 0.000 
0.186 -0.081 
0.207 0.007 
0.457 0.569 
0.246 0.121 
0.000 0.000 
-0.194 0.000 
-0.072 0.198 
0.247 -0.464 
1.204 0.739 
0.524 -0.371 
-1.308 -1.154 
-0.065 0.000 
0.000 0.000 
0.000 0.000 
0.000 0.000 
0.000 0.000 
0.000 0.000 
0.095 0.000 
0.092 0.293 
0.000 0.000 
0.000 0.000 
0.000 0.000 
0.000 0.000 
-0.008 0.000 
-0.047 -0.222 
-0.232 0.026 
0.000 0.000 
0.000 0.000 
0.000 0.000 
-0.089 0.000 
-0.038 0.046 
-0.205 0.036 
0.048 0.204 
0.000 0.000 
0.000 0.000 
-0.011 0.000 
-0.040 0.211 
0.002 0.025 
-0.055 0.155 
0.184 -0.032 
0.000 0.000 
0.004 0.000 
-0.020 0.163 
0.133 0.079 
0.161 0.118 
0.340 0.001 
-0.062 -0.270 
0.008 0.000 
0.000 0.000 
0.000 0.000 
0.000 0.000 
0.000 0.000 
0.000 0.000 
0.020 0.000 
0.043 0.089 
0.000 0.000 
0.000 0.000 
0.000 0.000 
0.000 0.000 
-0.045 0.000 
0.002 -0.070 
-0.079 0.005 
0.000 0.000 
0.000 0.000 
0.000 0.000 
-0.042 0.000 
-0.003 0.011 
-0.088 -0.005 
0.018 0.082 
0.000 0.000 
0.000 0.000 
-0.078 0.000 
0.023 0.105 
-0.003 0.025 
0.013 0.106 
0.110 0.003 
0.000 0.000 
0.068 0.000 
-0.011 0.129 
0.068 -0.024 
-0.043 0.085 
0.175 -0.006 
-0.020 -0.029 
0.028 0.000 
0.000 0.000 
0.000 0.000 
0.000 0.000 
0.000 0.000 
0.000 0.000 
0.010 0.000 
0.020 0.026 
0.000 0.000 
0.000 0.000 
0.000 0.000 
0.000 0.000 
-0.000 0.000 
-0.004 -0.018 
-0.025 0.005 
0.000 0.000 
0.000 0.000 
0.000 0.000 
-0.014 0.000 
0.001 0.000 
-0.029 0.006 
0.006 0.028 
0.000 0.000 
0.000 0.000 
-0.036 0.000 
0.003 0.039 
-0.007 -0.002 
0.010 0.047 
0.036 -0.012 
0.000 0.000 
0.013 0.000 
-0.006 0.041 
0.043 0.004 
0.010 0.002 
0.058 -0.012 
-0.020 -0.070 
0.009 0.000 
0.000 0.000 
0.000 0.000 
0.000 0.000 
0.000 0.000 
0.000 0.000 
0.003 0.000 
0.004 0.009 
0.000 0.000 
0.000 0.000 
0.000 0.000 
0.000 0.000 
-0.004 0.000 
-0.000 -0.003 
-0.004 0.000 
0.000 0.000 
0.000 0.000 
0.000 0.000 
-0.005 0.000 
0.000 0.001 
-0.014 -0.000 
0.000 0.011 
0.000 0.000 
0.000 0.000 
-0.009 0.000 
0.003 0.019 
-0.004 -0.000 
0.003 0.021 
0.016 -0.005 
0.000 0.000 
0.013 0.000 
0.003 0.017 
0.018 -0.006 
-0.001 0.017 
0.026 -0.007 
-0.007 -0.023 
0.012 0.000 
0.000 0.000 
0.000 0.000 
0.000 0.000 
0.000 0.000 
0.000 0.000 
0.000 0.000 
0.001 0.002 
0.000 0.000 
0.000 0.000 
0.000 0.000 
0.000 0.000 
0.001 0.000 
0.001 0.000 
0.000 0.000 
0.000 0.000 
0.000 0.000 
0.000 0.000 
-0.002 0.000 
-0.000 0.001 
-0.004 0.000 
0.000 0.004 
0.000 0.000 
0.000 0.000 
-0.002 0.000 
-0.001 0.007 
-0.002 0.000 
0.000 0.010 
0.008 -0.001 
0.000 0.000 
0.005 0.000 
-0.000 0.007 
0.009 -0.001 
0.003 0.004 
0.017 -0.002 
-0.001 -0.009 
0.002 0.000 
0.000 0.000 
0.000 0.000 
0.000 0.000 
0.000 0.000 
0.000 0.000 
-0.001 0.000 
-0.001 0.001 
0.000 0.000 
0.000 0.000 
0.000 0.000 
0.000 0.000 
0.000 0.000 
0.000 0.001 
0.001 -0.000 
0.000 0.000 
0.000 0.000 
0.000 0.000 
-0.000 0.000 
-0.000 -0.000 
-0.001 0.000 
-0.000 0.000 
0.000 0.000 
0.000 0.000 
0.001 0.000 
-0.000 0.003 
-0.000 0.000 
0.001 0.003 
0.002 -0.000 
0.000 0.000 
0.001 0.000 
0.001 0.004 
0.005 0.000 
0.000 0.003 
0.007 -0.001 
-0.001 -0.005 
0.002 0.000 
0.000 0.000 
0.000 0.000 
0.000 0.000 
0.000 0.000 
0.000 0.000 
-0.001 0.000 
-0.000 -0.000 
0.000 0.000 
0.000 0.000 
0.000 0.000 
0.000 0.000 
0.000 0.000 
-0.000 0.001 
0.001 -0.000 
0.000 0.000 
0.000 0.000 
0.000 0.000 
-0.000 0.000 
0.000 -0.000 
-0.000 -0.000 
0.000 0.000 
0.000 0.000 
0.000 0.000 
0.000 0.000 
0.000 0.001 
-0.000 -0.000 
0.000 0.001 
0.001 -0.000 
0.000 0.000 
0.001 0.000 
-0.000 0.001 
0.002 -0.000 
-0.000 0.001 
0.003 -0.001 
-0.001 -0.002 
-0.004 0.000 
0.000 0.000 
0.000 0.000 
0.000 0.000 
0.000 0.000 
0.000 0.000 
-0.000 0.000 
-0.000 -0.000 
0.000 0.000 
0.000 0.000 
0.000 0.000 
0.000 0.000 
0.000 0.000 
0.000 0.000 
0.000 0.000 
0.000 0.000 
0.000 0.000 
0.000 0.000 
0.000 0.000 
-0.000 -0.000 
0.000 -0.000 
-0.000 -0.000 
0.000 0.000 
0.000 0.000 
0.000 0.000 
-0.000 0.000 
-0.000 0.000 
0.000 0.000 
0.000 -0.000 
0.000 0.000 
0.000 0.000 
-0.000 0.000 
0.001 -0.000 
0.000 0.000 
0.001 -0.000 
0.000 -0.001 
-0.003 0.000 
0.000 0.000 
0.000 0.000 
0.000 0.000 
0.000 0.000 
0.000 0.000 
-0.000 0.000 
-0.000 -0.000 
0.000 0.000 
0.000 0.000 
0.000 0.000 
0.000 0.000 
0.000 0.000 
-0.000 0.000 
0.000 -0.000 
0.000 0.000 
0.000 0.000 
0.000 0.000 
0.000 0.000 
-0.000 -0.000 
0.000 -0.000 
-0.000 -0.000 
0.000 0.000 
0.000 0.000 
0.000 0.000 
0.000 -0.000 
-0.000 0.000 
-0.000 -0.000 
-0.000 0.000 
0.000 0.000 
0.000 0.000 
0.000 0.000 
0.000 0.000 
0.000 0.000 
0.000 -0.000 
-0.000 -0.000 
-0.004 0.000 
0.000 0.000 
0.000 0.000 
0.000 0.000 
0.000 0.000 
0.000 0.000 
0.000 0.000 
0.000 -0.000 
0.000 0.000 
0.000 0.000 
0.000 0.000 
0.000 0.000 
-0.000 0.000 
-0.000 -0.000 
0.000 0.000 
0.000 0.000 
0.000 0.000 
0.000 0.000 
0.000 0.000 
0.000 -0.000 
0.000 0.000 
-0.000 -0.000 
0.000 0.000 
0.000 0.000 
0.000 0.000 
-0.000 -0.000 
0.000 -0.000 
0.000 -0.000 
-0.000 -0.000 
0.000 0.000 
-0.000 0.000 
-0.000 -0.000 
-0.000 -0.000 
-0.000 -0.000 
-0.000 0.000 
0.000 0.000 
-0.000 0.000 
0.000 0.000 
0.000 0.000 
0.000 0.000 
0.000 0.000 
0.000 0.000 
0.000 0.000 
0.000 -0.000 
0.000 0.000 
0.000 0.000 
0.000 0.000 
0.000 0.000 
0.000 0.000 
0.000 -0.000 
-0.000 0.000 
0.000 0.000 
0.000 0.000 
0.000 0.000 
0.000 0.000 
-0.000 0.000 
0.000 0.000 
-0.000 -0.000 
0.000 0.000 
0.000 0.000 
0.000 0.000 
0.000 -0.000 
0.000 0.000 
-0.000 -0.000 
-0.000 0.000 
0.000 0.000 
0.000 0.000 
0.000 -0.000 
-0.000 0.000 
0.000 -0.000 
-0.000 0.000 
-0.000 0.000 
0.000 0.000 
0.000 0.000 
0.000 0.000 
0.000 0.000 
0.000 0.000 
0.000 0.000 
0.000 0.000 
0.000 -0.000 
0.000 0.000 
0.000 0.000 
0.000 0.000 
0.000 0.000 
-0.000 0.000 
0.000 -0.000 
-0.000 0.000 
0.000 0.000 
0.000 0.000 
0.000 0.000 
-0.000 0.000 
0.000 -0.000 
-0.000 -0.000 
0.000 -0.000 
0.000 0.000 
0.000 0.000 
-0.000 0.000 
-0.000 -0.000 
0.000 -0.000 
-0.000 -0.000 
-0.000 0.000 
0.000 0.000 
-0.000 0.000 
-0.000 -0.000 
-0.000 -0.000 
-0.000 -0.000 
-0.000 0.000 
0.000 0.000 
0.003 0.000 
0.000 0.000 
0.000 0.000 
0.000 0.000 
0.000 0.000 
0.000 0.000 
-0.000 0.000 
-0.000 -0.000 
0.000 0.000 
0.000 0.000 
0.000 0.000 
0.000 0.000 
0.000 0.000 
-0.000 -0.000 
-0.000 -0.000 
0.000 0.000 
0.000 0.000 
0.000 0.000 
-0.000 0.000 
0.000 0.000 
-0.000 0.000 
0.000 0.000 
0.000 0.000 
0.000 0.000 
0.000 0.000 
0.000 -0.000 
-0.000 0.000 
0.000 -0.000 
-0.000 0.000 
0.000 0.000 
-0.000 0.000 
0.000 -0.000 
-0.000 0.000 
0.000 -0.000 
-0.000 0.000 
0.000 0.000 
0.002 0.000 
0.000 0.000 
0.000 0.000 
0.000 0.000 
0.000 0.000 
0.000 0.000 
-0.000 0.000 
0.000 0.000 
0.000 0.000 
0.000 0.000 
0.000 0.000 
0.000 0.000 
-0.000 0.000 
-0.000 -0.000 
-0.000 0.000 
0.000 0.000 
0.000 0.000 
0.000 0.000 
-0.000 0.000 
-0.000 0.000 
-0.000 0.000 
0.000 0.000 
0.000 0.000 
0.000 0.000 
0.000 0.000 
-0.000 0.000 
0.000 0.000 
0.000 0.000 
0.000 -0.000 
0.000 0.000 
-0.000 0.000 
-0.000 -0.000 
-0.000 0.000 
-0.000 -0.000 
-0.000 -0.000 
0.000 0.000 
0.001 0.000 
0.000 0.000 
0.000 0.000 
0.000 0.000 
0.000 0.000 
0.000 0.000 
-0.000 0.000 
-0.000 0.000 
0.000 0.000 
0.000 0.000 
0.000 0.000 
0.000 0.000 
0.000 0.000 
0.000 0.000 
0.000 -0.000 
0.000 0.000 
0.000 0.000 
0.000 0.000 
-0.000 0.000 
0.000 0.000 
-0.000 0.000 
-0.000 0.000 
0.000 0.000 
0.000 0.000 
-0.000 0.000 
0.000 0.000 
0.000 -0.000 
0.000 0.000 
0.000 0.000 
0.000 0.000 
0.000 0.000 
0.000 -0.000 
0.000 -0.000 
0.000 -0.000 
-0.000 0.000 
0.000 -0.000 
-0.001 0.000 
0.000 0.000 
0.000 0.000 
0.000 0.000 
0.000 0.000 
0.000 0.000 
-0.000 0.000 
0.000 0.000 
0.000 0.000 
0.000 0.000 
0.000 0.000 
0.000 0.000 
-0.000 0.000 
0.000 0.000 
0.000 0.000 
0.000 0.000 
0.000 0.000 
0.000 0.000 
-0.000 0.000 
0.000 -0.000 
-0.000 -0.000 
0.000 0.000 
0.000 0.000 
0.000 0.000 
-0.000 0.000 
0.000 0.000 
-0.000 0.000 
0.000 0.000 
0.000 -0.000 
0.000 0.000 
0.000 0.000 
0.000 0.000 
0.000 -0.000 
-0.000 0.000 
0.000 0.000 
-0.000 -0.000 
-0.001 0.000 
0.000 0.000 
0.000 0.000 
0.000 0.000 
0.000 0.000 
0.000 0.000 
-0.000 0.000 
0.000 0.000 
0.000 0.000 
0.000 0.000 
0.000 0.000 
0.000 0.000 
0.000 0.000 
-0.000 0.000 
0.000 -0.000 
0.000 0.000 
0.000 0.000 
0.000 0.000 
0.000 0.000 
-0.000 0.000 
0.000 0.000 
-0.000 -0.000 
0.000 0.000 
0.000 0.000 
-0.000 0.000 
-0.000 0.000 
-0.000 -0.000 
0.000 0.000 
0.000 -0.000 
0.000 0.000 
0.000 0.000 
-0.000 0.000 
0.000 0.000 
0.000 0.000 
0.000 -0.000 
-0.000 -0.000 
-0.001 0.000 
0.000 0.000 
0.000 0.000 
0.000 0.000 
0.000 0.000 
0.000 0.000 
0.000 0.000 
0.000 -0.000 
0.000 0.000 
0.000 0.000 
0.000 0.000 
0.000 0.000 
0.000 0.000 
0.000 0.000 
0.000 0.000 
0.000 0.000 
0.000 0.000 
0.000 0.000 
0.000 0.000 
0.000 -0.000 
0.000 -0.000 
-0.000 -0.000 
0.000 0.000 
0.000 0.000 
-0.000 0.000 
0.000 0.000 
-0.000 0.000 
0.000 0.000 
0.000 -0.000 
0.000 0.000 
0.000 0.000 
-0.000 0.000 
0.000 0.000 
-0.000 -0.000 
0.000 -0.000 
0.000 -0.000 
-0.000 0.000 
0.000 0.000 
0.000 0.000 
0.000 0.000 
0.000 0.000 
0.000 0.000 
-0.000 0.000 
-0.000 -0.000 
0.000 0.000 
0.000 0.000 
0.000 0.000 
0.000 0.000 
0.000 0.000 
-0.000 0.000 
0.000 -0.000 
0.000 0.000 
0.000 0.000 
0.000 0.000 
0.000 0.000 
-0.000 0.000 
0.000 -0.000 
0.000 -0.000 
0.000 0.000 
0.000 0.000 
0.000 0.000 
-0.000 -0.000 
0.000 0.000 
0.000 -0.000 
-0.000 0.000 
0.000 0.000 
0.000 0.000 
0.000 0.000 
0.000 -0.000 
0.000 0.000 
0.000 -0.000 
-0.000 -0.000 
0.000 0.000 
0.000 0.000 
0.000 0.000 
0.000 0.000 
0.000 0.000 
0.000 0.000 
0.000 0.000 
-0.000 -0.000 
0.000 0.000 
0.000 0.000 
0.000 0.000 
0.000 0.000 
-0.000 0.000 
0.000 -0.000 
-0.000 0.000 
0.000 0.000 
0.000 0.000 
0.000 0.000 
0.000 0.000 
0.000 -0.000 
0.000 -0.000 
-0.000 -0.000 
0.000 0.000 
0.000 0.000 
0.000 0.000 
0.000 -0.000 
0.000 -0.000 
-0.000 -0.000 
-0.000 -0.000 
0.000 0.000 
-0.000 0.000 
-0.000 -0.000 
-0.000 -0.000 
0.000 0.000 
0.000 0.000 
-0.000 0.000 
